
length of unique values :  747365
household_id :  [12010100001101 12010100002101 12010100003101 ... 36670900126101
 36670900127101 36670900128101]

length of unique values :  11
district_id :  [12 21 20 22 23 24 28 29 30 31 36]

length of unique values :  110
('vdcmun_id :  [1207 2107 1205 1208 1206 1202 1203 1201 1204 2002 2001 2009 2003 2005',' 2004 2008 2006 2007 2108 2102 2103 2105 2104 2101 2106 2203 2206 2207',' 2202 2209 2208 2204 2201 2205 2309 2306 2310 2311 2307 2302 2304 2313',' 2301 2303 2305 2312 2411 2410 2412 2408 2407 2401 2403 2404 2413 2402',' 2406 2409 2405 2811 2803 2808 2801 2809 2805 2802 2813 2804 2807 2810',' 2812 2902 2903 2904 2901 2905 3013 3004 3005 3001 3012 3006 3002 3007',' 3009 3003 3008 3011 3010 3104 3111 3107 3101 3103 3106 3102 3105 3108',' 3110 3609 3601 3604 3610 3607 3605 3611 3608 3602 3606 3603]')

length of unique values :  945
('ward_id :  [120703 210703 120502 120801 120802 120705 120602 120707 120710 120206',' 120308 120108 120109 120807 120808 120203 120104 120105 120106 120107',' 120406 120407 120604 120603 120706 120709 120103 120304 120809 120810',' 120504 120303 120305 120306 120201 120601 120509 120208 120207 120505',' 120501 120805 120806 120403 120711 120712 120101 120102 120607 120309',' 120409 120202 120605 120608 120301 120302 120110 120204 120205 120307',' 120704 120708 120606 120401 120402 120803 120804 120701 120408 120506',' 120507 120508 120702 120503 120404 120405 200201 200113 200908 200906',' 200306 200202 200901 200502 200307 200902 200903 200303 200302 200501',' 200301 200110 200109 200401 200106 200101 200102 200503 200904 200905',' 200803 200804 200112 200114 200604 200603 200504 200508 200505 200506',' 200507 200509 200510 200602 200601 200606 200704 200703 200802 200801',' 200407 200408 200406 200107 200108 200910 200911 200701 200605 200608',' 200405 200404 200807 200204 200103 200402 200403 200805 200513 200514',' 200511 200512 200305 200706 200205 200104 200105 200806 200705 200702',' 200203 200111 200304 200907 200909 210802 210204 210704 210308 210507',' 210303 210807 210403 210404 210510 210508 210201 210101 210602 210702',' 210102 210401 210206 210512 210511 210104 210601 210801 210701 210105',' 210806 210604 210503 210502 210307 210705 210406 210803 210106 210107',' 210302 210306 210506 210501 210405 210205 210606 210304 210305 210513',' 210514 210309 210804 210805 210509 210301 210608 210609 210605 210203',' 210402 210504 210603 210607 210505 210202 210407 210103 220306 220602',' 220704 220203 220202 220204 220205 220206 220207 220901 220802 220307',' 220208 220303 220406 220108 220305 220906 220706 220705 220801 220807',' 220806 220101 220102 220409 220702 220703 220907 220903 220902 220404',' 220403 220507 220508 220504 220505 220506 220401 220402 220105 220104',' 220601 220803 220805 220408 220308 220304 220209 220301 220604 220603',' 220605 220606 220804 220502 220503 220904 220407 220707 220103 220106',' 220107 220302 220701 220905 220808 220608 220607 220609 220405 220201',' 220501 220509 230904 230606 230605 231012 231101 230705 230203 230204',' 231102 230402 230403 230611 230612 230609 230610 231107 231001 231002',' 231302 230405 230207 231007 231008 231013 230104 230105 230304 230102',' 230103 230205 230206 230201 231301 231303 230702 230501 230703 231105',' 230706 231003 230707 230506 230507 230408 230101 230905 231009 231010',' 230409 231203 230202 230502 230404 230602 230603 231108 230902 230903',' 230301 230504 230505 230208 230108 230107 230106 230305 231011 231103',' 230604 231207 230503 230704 230906 230406 231304 230209 230410 230412',' 230411 230407 230701 231005 230607 230608 230601 231205 230401 231006',' 230302 230303 231305 231306 231004 231106 231104 231201 231202 230901',' 230907 230413 230414 231206 231204 241101 241102 241011 241210 240801',' 240802 240706 240707 240105 240109 240108 240107 240106 240303 241211',' 241212 240308 240408 241304 240705 240704 240204 240810 240304 240201',' 240205 240604 240603 240909 240908 241111 241110 240502 240103 240508',' 240507 240506 240503 240504 240505 240203 240202 240404 240405 240310',' 240307 240602 240601 240703 240805 240806 240708 240701 240702 240409',' 241107 241108 240811 240812 240309 241012 240905 240406 241207 240509',' 241201 240906 240907 241112 241208 240306 241113 241307 241003 241002',' 241308 241309 240407 240808 240809 240807 241204 240206 240112 240403',' 241209 240902 240901 240904 240903 240607 240402 240104 240113 240114',' 240804 240803 241005 241004 241007 241008 241006 241009 241010 241105',' 241103 241104 241106 240511 241305 240910 240501 241001 240606 240305',' 240605 240512 240401 240301 240510 241303 241301 241302 241109 241203',' 241202 240911 240302 241206 241205 241306 240101 240102 240110 240111',' 281102 281103 280305 280801 280110 280101 280111 280304 280905 280501',' 280201 280202 280204 280205 280206 280208 280209 281304 281301 280802',' 280212 280407 280704 280901 280403 281001 280803 280106 280105 280104',' 280502 281105 280302 280211 280210 280301 281305 281306 280108 280109',' 280902 280404 280405 281104 280213 280503 280203 281203 280701 280702',' 280804 280103 280102 281101 281002 280113 280112 280406 281003 280505',' 281205 281206 280401 280402 280903 281202 280107 280303 280306 280504',' 280805 280806 281006 280307 281005 281204 281007 280703 281004 281302',' 281303 281008 280706 280705 280408 280904 280207 290206 281201 290305',' 290405 290406 290304 290203 290105 290502 290501 290103 290102 290104',' 290101 290303 290302 290505 290504 290204 290301 290404 290403 290205',' 290503 290201 290202 290402 290401 301306 301305 300404 300405 300407',' 300406 300506 300103 300104 300105 301203 301202 301201 300507 300607',' 300606 300202 300201 300704 300703 300604 300107 300108 300106 300914',' 300301 300302 300303 300408 301211 300503 300504 300204 300203 300205',' 300701 300702 300110 300109 300910 300911 300401 300402 300403 300804',' 300805 301209 301210 300901 300905 300605 300308 300307 301106 301105',' 301107 301005 301006 300102 300101 300603 300602 300601 300801 300802',' 301303 300908 300909 301102 301101 310410 300206 300208 300209 300207',' 300904 300903 300902 300505 300306 300305 300304 300502 300501 301103',' 301104 301304 301301 301302 300912 300913 300705 300803 301004 301003',' 300906 300907 301204 301205 301208 301206 301207 301002 301001 301307',' 311108 311107 310705 310706 311106 311101 311105 310419 310403 310401',' 310109 310302 310301 310607 310608 310306 310305 310708 311109 311110',' 310414 310415 311103 311104 310601 310602 310201 310202 310504 310505',' 310104 310105 310106 310107 310108 310605 310606 310801 310803 310802',' 310804 310805 310417 310416 310402 310404 310405 310406 310407 310408',' 310409 310411 310418 310308 310603 310604 311006 311008 311007 311009',' 310307 310502 310701 310702 310703 310704 310806 310807 310808 310809',' 310210 310501 310309 310609 310610 310304 310303 310413 310412 311102',' 310101 310102 310103 311004 311005 311003 311002 311001 310208 310209',' 310203 310204 310207 310205 310206 310503 310707 310211 310212 311111',' 311112 360903 360902 360106 360105 360109 360110 360107 360108 360406',' 360405 361001 360910 360909 360706 360505 360407 360408 361007 361008',' 360507 361105 361104 360506 360906 360907 360705 360814 360813 360404',' 360908 360804 360704 360703 360904 361106 361006 360201 360707 360708',' 360605 360203 361103 361108 360606 361101 360602 360601 360202 360901',' 360604 360607 360502 360701 361002 361003 360102 360101 360401 360205',' 361009 360803 360905 360307 360308 360806 360807 360805 360808 360809',' 360810 360811 360812 360504 360501 360304 361107 360204 360503 360303',' 361004 361005 360306 360305 360403 360402 360702 360802 360801 361102',' 360104 360103 360603 360302 360301]')

length of unique values :  3
gender_household_head :  ['Male' 'Female' nan]

length of unique values :  108
age_household_head :  [ 31.  62.  51.  48.  70.  52.  27.  44.  34.  35.  38.  46.  49.  63.
  71.  84.  59.  55.  61.  57.  43.  65.  50.  32.  58.  54.  60.  42.
  74.  41.  53.  69.  56.  37.  73.  30.  45.  87.  82.  78.  nan  25.
  81.  28.  29.  80.  64.  36.  90.  33.  24.  20.  40.  39.  72.  79.
  67.  75.  22.  47.  66.  76.  19.  26.  68.  23.  21.  85.  89.  77.
  83.  18.  88.  16.  17.  15.  86.  11.  14.  13.  99.  95.  91.  93.
  12.  96. 112.  97. 100.  92.  94. 110. 114.  10. 101. 107. 120. 106.
 109.  98. 103. 104. 115. 102. 119. 117. 105. 122.]

length of unique values :  97
caste_household :  ['Rai' 'Gharti/Bhujel' 'Brahman-Hill' 'Sanyasi/Dashnami' 'Chhetree'
 'Tamang' nan 'Kami' 'Newar' 'Gurung' 'Magar' '0thers' 'Sarki'
 'Damai/Dholi' 'Sherpa' 'Majhi' 'Pahari' 'Sunuwar' 'Tharu' 'Rajbansi'
 'Sonar' 'Jirel' 'Raute' 'Badhaee' 'Brahman-Tarai' 'Jhangad/Dhagar'
 'Khatwe' 'Khawas' 'Lohar' 'Bin' 'Yadav' 'Koiri/Kushwaha' 'Danuwar'
 'Limbu' 'Sudhi' 'Kurmi' 'Nuniya' 'Dusadh/Pasawan/Pasi' 'Dom' 'Teli'
 'Musalman' 'Thakuri' 'Ghale' 'Darai' 'Bhote' 'Hayu' 'Thami' 'Haluwai'
 'Kayastha' 'Kamar' 'Kalwar' 'Kewat' 'Musahar' 'Kumal'
 'Chamar/Harijan/Ram' 'Mallaha' 'Rajput' 'Hajam/Thakur' 'Amat' 'Kori'
 'Badi' 'Bantar/Sardar' 'Dhobi' 'Chamling' 'Kumhar' 'Kalar' 'Dhimal'
 'Meche' 'Mali' 'Dhanuk' 'Kanu' 'Marwadi' 'Hyolmo' 'Lhopa' 'Chepang/Praja'
 'Gaderi/Bhedhar' 'Koche' 'Brahmu/Baramo' 'Satar/Santhal' 'Kathbaniyan'
 'Tatma/Tatwa' 'Thakali' 'Dev' 'Bahing' 'Gaine' 'Bangali'
 'Pattharkatta/Kushwadiya' 'Baraee' 'Samgpang' 'Natuwa' 'Bote' 'Lepcha'
 'Mewahang Bala' 'Kahar' 'Yakkha' 'Byasi/Sauka' 'Kusunda']

length of unique values :  20
education_level_household_head :  ['Illiterate' 'Class 5' 'Class 4' 'SLC or equivalent' 'Class 10' 'Class 9'
 'Non-formal education' 'Intermediate or equivalent' 'Class 7' 'Class 2'
 'Class 1' 'Class 8' 'Class 3' 'Class 6' nan 'Bachelors or equivalent'
 'Other' 'Masters or equivalent' 'Nursery/K.G./Kindergarten'
 'Ph.D. or equivalent']

length of unique values :  6
income_level_household :  ['Rs. 10 thousand' 'Rs. 10-20 thousand' 'Rs. 20-30 thousand'
 'Rs. 30-50 thousand' nan 'Rs. 50 thousand or more']

length of unique values :  39
size_household :  [ 3.  6. 13.  5.  8.  9.  4.  1.  2.  7. 10. 12. nan 11. 14. 21. 16. 15.
 24. 17. 18. 26. 19. 20. 22. 23. 25. 29. 32. 36. 31. 28. 37. 27. 30. 40.
 34. 35. 39.]

length of unique values :  3
is_bank_account_present_in_household :  [ 0.  1. nan]
